1152

Ptg.
'Pordylium 1161161111, L. 1051
1161611161,Τ611. 1055
1161611111. 1085
6116111616, L. 1055
1111911161, L. 1027
Persicum, 81111. 11
11611111. 1052
8611616116, 86111. 1055
1116116111, Del. 1058
8111161115. 1050
Torius, Hoffm. 1081
1101116611, L. 1081
1111111161, (1161111. 912
6116166116, 811. 1085
6111166616, 81111. 61
81. , 1086
111116111111, 86116. 1085
61111111111116111, 061. 1082
1161111116, 81111. 1081
· 1111111116, 1111161. 1082
heterophylla, 61111. 1082
1116111, L. 1082
1111611166, 861111. 1085
1661666116, (161111. 910
1161661111, 8111. 1081
neglecta, Rom. 618611. 1085
nodosa, Ky. 1086
nodosa, L. 1085
Persica, 81111.6181111111081
purpurea, Ten. 1082
1111161111, 86111. 1078
Syriaca, 86111. 6181. 1085
111116111116, Spr. 1078
1111111116, 11111111
1111616 1082
1111161616, mc. 868
76111111116111616, L. 717
Trachydium, 11111. 969
depressum, 86111. 929
8111116116, 86111. 950
Kotschyi, 86111. 929
Trapa,12. 755
111111, L. 755

Trianthema, Ι.. 766
. ρ611111111111111,1.. 766

m.
8161616161111111,11111. 52
711161161161 1111161111,
11611111, 705
Trifolium, Ι..
agrarium, L.
61161161, 81111611.
1111166116, 86111. 11
8161111.
alatum, 811. 156
11111611νί661, 8181166196
Alexandrinum, L. 127
11161116, L. 115
ambiguum, 118. 117
1111611661, Boias. 116
111116161111111, L. 122
6116161111, Bor. 61011. 156
61111161, 81111. 158
6111161111, 11111 120
Armenium, Wiud. 118
6111111161, 8161. 120
11161116, 1.. 120
11661111181111. 114 ⁴
1611111161111, 80111. 11
Spr. 152
61111111, 51111111. 155
aureum, Poll. 155
16111111, 8611611. 119
81111116, 86111. m
8111111161, 86111. 1181. 126
11661111, 1161111. 151
8111611111, 811. 150
8111111661, 86111. 111
8161611161, 81111. 125
8166611, 8611 152
861111611, oasa. 152
86111961, 81111. 121
6111111111861111111611116158
1616116111, 118. 68
6611116111, 118.
6611111111, Viv.
campestre, 86111611.

6116166111. wind.

01111611, 86111. 127
(1111111186111. 117
6661611661, ’1111611 156

 

