1142

Ρο1111111111111111,1111111. Prangos 11111111, Boias. 945
8111111111,Βί11. corymbosa‚ 31111. 944
111111111,111111. 799 denticulata, F. 1111. 941
1111111111, 1. 795 ferulacea, 1. 957
1111111111, 111111. 719 [1111191111111. 11. 957
1111111111, 0. Koch 795 11111111111111,Βοί11. 940
1111111.. Ι 795 ΙΗ11111111,Β111“11. 915
Taurica, 9111111111. 715 1111111111111. 945 .
1111111, 0. Koch 795 1111111111, 11111. 941
7111111111, 811. 715 1111111111, Boiu. 958
71111111111111111. 716 111111111111111,1111“11. 959
7111111111, 0. Α. 11. 714 1111111111111111. 959
’1111116111 61111. 717 odontoptera, 111111. 949
umbrosa, 8111, 799 0111110110, Boius. 942
mutina, Lehm, 795 111111111111, Boius. 950
verna, L. 717 11111111111111. 940
1111111111, 111111. 11111717 11111111111111,1’11111 958 “
9111111111611111. 715 11111111111111111. 958 ³
1111111111,Βοί11.1111ο11,705 1111116111. 959

Poterium, L. 759 1111011111, Boias. 957
compactum, 111111. 759 9111111111, Boia.

1111111111111. Spaeh 755 1111111111, Boia. 01
Gaillardoti‚ 111111. 755 11111111.
11111111111,11111. 755 Uechtritzii, 111111. 11
0111111111111, Bonn. 755 1111111.
11111111, 11111 759 11111111, no. ,
11111111111111111. 11 9111111111 1111111111, (1111111794
1111111. 755 Prosopis, 1,, 633
1111111111, 111111 1111 1111111111. 651
11111111111111..1111151 8111111111,11111 111 2
1111111111, 11111 754 1111111111. 650 ,
murionum, 8111111 755 Armeniam, 1¹· 655
palummum, W.K. 755 19931111111111. 651
Sanguinem, 1. 755 (11191911 ¹1· 649
spinosum, 1. 754 1111111111, 1111, 649
1111111111, 11111111. 754 Dammana, Anct. 659
11111111, 11. Groee. 759 1111111111,111111. 651

Pranqos, 1. 957 domestica, 1. 611
1111111111, nc. 946 1111111111, 77111. 650
Arois 1111111111, Boias. 11 incana, Stev. 617

’ 11111 941) 111111111,1. 651
1111111,Κγ.11Β1111. 958 1111111111111. 650
11111111111111. 949 11111111, L. 649
11111111, Β1111. 959 1111111111, 111111). 619
11191111111111,Βοί11. 957 1111111111,11.1.1111.611

 

 

 

