1110

Pte

11111111118011111101, 80111555 1111111111 8110111110. 968

1161110110. 1111. 579
1161011111111,1110. 585
8116111011, Bas. 1111. 177
0111011011810. 0111. 167
rugosus, 11101. 988
numeneus, Bge.
1110111111, 110111.
1111111111, 11011.
8111001111, 1110
1110110001, 110111.
81110111, 110111, 595
11001111, 80110. 190
8110111101111, 111111. 955
8011010110, 861016. 951
8161111011, Boe. 160
8111101111, 110111. 01

111100 996
1110101, 110111. 185
10111110101111001, 118. 160
sanguinolentus, 11. B. 159
101611101111, 110111. 466
8061611101111, 1110. 116
8061111011, Rom. 996
8061111011, 11101. 587
· 106111001111. 1110. 508
1061110111, 110111. 011101. 198
106110110111, 110111. 159
8060111111 , 110111. 518
806101111111. F. 01 11. 197
80611161011. 1110. 595
10111011, 110111. 011101. 585
101010011111, 810. 508
10101011101, Bae. 178
1001111110, 80106. 191
scorpius, Boiss.etBnhss 595
scorpius, 110111. 591
8001110101, 8100111 969
1000110110111, 80111. 190
1010101111, 80111. 977
8011161001110, 1110. 589
8011111111, 810. 996
101111001111, 1110. 591

568
157

115
181

509
559

100110101οη1, 6111.
8011100116, 810.

519 ·

Ριι

10110011, 10. 118 =
1011001611110, 011106. 180 ¹
1011001110611, 810011 111 ¹
sesamam, Ρ1ΙΙ. 229 11
sesamoides. 80111. 217 ,
101110111, [1011101811. 150
989
565
118
501
975
171
988
969
915

8010110111, 810.
80111101111, 1110.
8161601111111, 80110.
8106011, 10.
810101111111, Pau.
1111011011, 1110.
siliquam, 80111,
1111110111, 80111.
81101001, Boios.
81111101111, 80111. 01
sauss.
sisyrodytss, 810.
sitiens, 1110.
8111111011, 1110.
801011, 1110.
8010101001, (18006 '
8110611111, 8011101
110110

965

sparsus, 11000110.

110010111, 110111.
sphaersnthus, 110111.
11601001111, Ledsb. 199
111101111, 80101. 01

1101111. 115

1111010011, 810. 501

81111011, 80111. 179
squalidus, 80111. 011101 150
11
995

1101010110, 11101. 516
1101110011, 11106. 510
11010101111, 110111. 0111οἱ 119
110101101111, Boiu. 01
1101011. 511
8110111111, mo. 196
1111111111, 1111. 505
81001118, 1111. 191

1111110111, 810.
81160111, 11101.

mssa

 

