1102

mnu.

1²⁸3.

Astralagus 0111111111, 51111. 171

011111111111,51111.11 .

ccccc. 510
011111111, Boiu! 165
1111111111, 511. 175
Caspius, 111. , 551
11111111111, 511. 151
6111111111, 51111. 117

11 511111. 1088
0111111111, 511. 117
0111111111, Pau. 317

, 111111111111, 51111. 11

11111 111
0111111, 51111. 215

1111111111111,1.1. 586
11111111111111. 509

cephalota, Pau. 150
cephalam, 5111. 360

011ρί11, 51111. 111111. 155

¹ 1311111111111,511. 515

011111111111, 51111. 11
51111111. 157

1111111111, 511. 197 ’

chaetopodus, 511. 165
1111111111111, 51111. 11

5111111. 590
0111111111, Boias. 101
chartaceus, 11111. 408
1111111111111111, Boiu. 11

51111111. 510
0111111111, Bge. 171
1111111111, 511. 511
1111111111111, Boiu. 11

1111111. 111
Chius, 51111. 11 Orph.' 570
11111111111, Pan. 111

111111111111, (111111). 158
1111111111, Bgc. 117
1111111111111, 51111.

11 Νοὲ. 116
1111111111111, 51111. 11

1111111. 115
Choicae, Bge. 162

’0111111111111, 511. 555

11111111111111, 51111. 250 1

m

Astragalus 111111111111111.

11 Sm. 175
Christianus, 1 171
11111111111151111.1111111198
111111111111, 5111111

,’Κγ. 118

1111111111111,511”11. 111

111111111111,11111. 577

1111111111111, 51111. 160

111111111111111, 51111.
11511. 557

01111, 1.

1111111111, 51111.

Cilicius, 51111.

11111111, 1111111.

1111111111, nc.

cinereus car.. 111.

1111111111, Bac.

1311111111, 0. Α. Mey.

11111111 var. β, n c.

11111111, 111111.

clavatus. 11.

11111111, 51111.

collinus. 51111.

⁴ columnaris, 51111.

1111111111111, 51111.
11111οοί1111, witta.
commixtus, F. 11 M. 155
comosus, 511.

compactus, 111111.
compactus, 0. Α. 1111.
compactus 111. β, Lem. 555
concinnus, 511. 185
condensatus, 111111. Ι560
conduplicant, 511111. 157
1111111111, 511. 151
confusus, 591. 167
1111111111111111,1. 150
commmunia& 1³1. Gr. 116
cordatus, 511. 585
cornutus, 511.

comatus. Pali.
0111111111, 511.

1111111111, 511111.

costatus, 511.

 

 

