8010011111 1110111001111, F.

01111. 705
Buceoana. 610111. 724
Bungei, 80111. 718
Calabra, Ten. 714
01111101, 8011101801. 707
0011101110, 8111001). 704
0000100111, Besa. 714
(11001110101, Boias. 719
chrysantho, (111101). 715
001110011100111, 1011111. 724
0100100010110,771111. 726
6111010, 80111. 717
01110100, (1111111 724
0111101, Wib. 715

Camarum, Scop. 700
(1010011110, Bge. 709
0100011110, Ser. 726
Deorum, 80101.οι 1111111. 705
De Τ1101011111, 7011. 715
elatior, 8011101111. 725
8110110001110111. , 709

10111111, heum. 713
11000110, Sm. 706
81101111111001, 1111111. 706
1111110011, L. 705
0011001111, 811101. 726
gelida, G. A. 11. 724
00011101, 1118. . 708
100110ἰοί000, wind. 721
0100111100, 118. 724
prandium, Baumg. 725
0111111011, Ρο111 715
Η1100111101, 1011110 704
1100110110111, 111111. 716
111111, L. 715
1111010001, Boias, 710
0011100001, 1111100. 712
inclinata, 1111. 714
1111101111, Bge. 715
101010111111001. 716
8011011101, 10011 717
80111101, Bolse- 1111011. 711
111101, 80111. 01801. 716
1101001101, Boiu. 704

ι . ,
Ρο100111Ι1 lignosa, 171110.

1110001010, Ρο111.
1101011, 80111.
0101101111, Rom.

minima 001. major,
Lehm.

0111001101, 101111.
0111111011.

1111101, L.

1711110001110110, Ledeb. 722
1111100101, L. 726
nuda, 81101. 721
nuda 001.,81101. 709
0111011111, 80111. 712
110100111801100111011111.720
obscura, Willd. 715
00101, L. 718
0001101101, 1111111. 705
pannosa, 80111.01110111111.719
8011011100, 80111. 715
1101108111. 715 ,
0011111010, 111011. 716
pedam, Willd. 715
Ρο11011011110, 11011111. 709
Persica, 80111. 0111011110.710
1101101, 8011100111. 720
010110011111101, L. 708
0011010111, 81111. 705
0011001111, 110111. λ 710
Ρ101100, (1. Κ1011 716
011011110111, 60111. 708
pulvinaria, Fenzl 722
radiata. 101111. , 720
10010110, 81111. 722
10011, L. 715
reptans, L. 725
1111110110, 81111. 725
1161101011. 00010. 725
1011011110, L. 706
8001101111, Bois& 716
8111011100,11111111. 726
80111101901111,Η101110 720
801111101101, Bion. 725
10110011. 709
1011000 var.. Lehm. 710

 

