1169

1616696166 6166616666, Boias. 1616696166166116616166, Pali. 466
61119. 970 161169666661666, Boias. 971
6616161166, Pau. 957 Thessalus, Boiss. 475
6111611161166, 86166. 565 Τ11661666,661666. 571 “ ’
6161611691666,86166. 566 1111616666, Bes. ’ 960
strigiiiosus, 896. 451 Tigridis, 86166. 466
6666616666, 896 566 Ι1661666, Boiis. 569
6666666116, Bge. 454 1661616616, 8616661861. 589
6616161666, Boias. 61 ’1011111116 11661.. 569
86166 468 10111111ῡὸ11. Lam. 509
661111696616616. 464 ’ torrentum, 896. 996
6666661666,16161.’ 445 tortuosus, 66. 598
66161116,116166 611161. 597 Τ66666166111,86166. 519
66166666166,86166.6111611496 11661966661166,11661. 561
6666616166 666, 16661. 481 1666191116166,896. 459
661616166118. 481 166966661161166,1.66. 996 :2
666616166666.,061661. 489 166966661161666, 86166. 997 ,
6616116166, 116166. 11119. 976 1666666666 , 111661. 596
mammis, no. 181 1666111661, 1166161. 996
6666666116166, ΚΙ. 951 16116161166,1161. 994
6666166166, 896. 485 1661616166, 66. 686
sulfureus, 896. 970 triehopterus, 86166. 989
Sunonensis, 896. 940 1661666966, 896. 996
superbus, 1196. 419 1111011016168,Βο1118. 440
supinae, 6611199. 949 trigonsiloides, 86166. 496
8616966611, Boiis. 61 16196666, 8161. 501
11666616. 409 trigonus, 66. 509
86616666, 86166. 590 trimestris, 1. 954
Syriacus. h. 479 1616669166, Viv. 956
8966166616, 896. 514 1666616166, 896. 996
866νί1611, F. 6111. 401 Trojanus, 8166. 570
’ 1616616666, 86166. 61 161616616666, mo. 959
Ruina {J 8 1666161166, 66. 596
’11616961ιί66, 116166. 60 3 tumidus, M.B. 9911
’11616666668666 611161. 571 1661666111111. 599
161966166616, 896. 997 1661166166, 896. 414
Ι1666166166, 86166. 969 1616666166611,1166611116466
Tauricas, Pan. ⁸ 494 ’1616616666896 978
’16661616τί, 86166. 998 196616661666, Bois. 61
1616661666, Boios. 456 89666. 490
16666, 1196. 579 6119166666, 118. 968
1666166891. “ 469 6666166,1.1611. 954
1616116166, 86. 458 6611611616166, 896. 487
1666116916, Boiis. 959 1166166616 van, (1. 11169604
1661666161166,116166. 979 6166161166666, 86166. 580

 

