, . 811.
81111111118111. 81111111111111111, Γ111. 819
(1111111, 1. 11111111, 11111111. 851
111111,1111. 61111111, 0111. 818
1111111181, 111. 761 commutatum, 81111. 11
1111111111, 81111. 761 811. 811
1111111111, 81111. 11111111761 croceum, Fcurl 856
syriaca, 81111. 761 1111111111811. 850
81111 Macedonicum, L. 970 diuhoromum‚ 30111· 815
1111111111, 8111. 860 1111111111, 8111. 818
8111111 111111, 118. 860 erubescens, 81111. 811
aromaticum, L. 898 1111111111, 118. ’819
Carsium, Boius. 881 11111111,1. 850
6111111111, 81111 887 11111111, 81111. 11 111111. 858
6111111811. 875 1111111, 811111. 858
ferulaceum, 811. Ρ1111. 886 fruticosum. 1. 851
1111111111111, Deus. 886 8111111, lacu. 815
1111111111, nu. 877 6111111, Pl, Gr. 816
1111600111111, 30111· 887 6111111 111. 1111111111,
11111111, 11111. et Rem· 875 8111. 816
1111111111111111, (111. 888 glaucum, 1111. 11 Cart. 818
1 1111111,11.8. 858 1111111111111. Gr. 817
1111111118. y 886 1111111111 111. 81111. 858
1111111111111111. 875 1111111, 1111. 858
Paralum, 81111. 886 1111111, uu. 818
1111111111, Fr. graeu. 897 ammineum, vill. 819
strictum, 6111111. 887 Η1111111111111,81111. 815
1111111111, uu· 971 8111111111, Boius. 857
1111111111. 7 11111111111111, 11111. 856
BuplevrumJ„ 851 irregulare, 111111. 11111. 850
1111111111, Willd. 856 11111111111111, 1111. 815
1111118111. 816 11111111, 1. 811
1111111111, Bous. 810 11111111, 118. 816
apicularum, 1111. 838 1111111111, 111111 817
mularum, Boius. 858 1111111111, Boius. 850
1111111111, 81111. 859 Kurdiuum, 81111. 811
1111111111, Boius. 1181815 1111111111, 11111. 856
111111111111, 111111. 818 1111111111, 81111. 815
11111111, 81111. 840 111111111111,81111. 11 81816
11111111, 1111. 815 11111111111111, uo. 819
81111111, 11111. 848 lophoearpum, 81111. 11

81111111, W.K. 811 811. 857
1111111111,6.111111 811 1111111111111111, (3.1. 11. 818

1111111111,811111111. 810 1111118111. 810
1111111111, 8111111111111811 · nebulosum, 8111111. 817

0111111111111, 81111. 817 1111111111, Oen. 819
70 *

 

