1101 . 111111. ’
1 ¹ 1²23. ‚ Ρη.
4111191111 1919111111, L. 225 1111911111111111111, Boin.

1111191111, Boias. 250 1111111111. 517
1111111111, Boios. Ι545 1111111111,1111“11. 111111. 470
1111111111, 711111. 528 1111111111, Bae. 405
1111111111, wind. 518 7111111111111111. 592.
erinaceus, Presl 489 1119111111, 1191. 587
1111111111, F. 1111. 557 fragrans, 1711111. 450
1111111191, 1191. 555 8111111111, 1191. 294
1111111111, 111. 260 1111111111111,1>.1. 268
1111111111, 1111, 556 811111ῑί, 01111111. 261
1111119111111, wind. 554 71111111, 1191. 461
111111111901. 279 111111111911111,111111. 406
eriophyllus. 111111. 245 gaeobotrys, 111111. 1111111450
1111911111, 81111. 257 0101111100, 411111. 575
111119111101111. 11 110ςὶ111111, L. 269

11111111. 547 Geminam, 171111. 11
1111119111, Boies⁸ 11 11111111. 550
11111111. 546 genistoides. 91111 504
1191111111, 111111. 225 911111111131111. 474
119111111ρὶ1, 111111. 510 6111911111, Boias. 450
erythrotaenius, 01111. 407 61111111,81111.11811111.501
Esehkerensis, 111111. 11 Genusia, 111111. 500
11111111. 528 0111111111, 11110. 557
11119111111111, 81111. , 9110111111, 811111. 200
expansus, 111111. 91111111. 111. 828
subacens, 11.Β. gilvus, 1111111 275
11111111, 111. 911111, mc. 450
11111111,1111, 9111111111111, 1191. 544
1111111011, 111111. 9111111111111111. 482
· [1011711111. 91111111111111,11111. 595
1111111, 1191. , glaucophyllus, 1191. 459
1111111111111111, 111111. 9111111110. 495
1711111111, 11111111. 9111111111111111. 546
9111111, Boias. 9410191111, 0. Koch 447
1019111111, Boias. g1obosus, 71111 448
11111111111, 11913 9111111111, Boias. 577
1111111111, F. 11 M. , 991191911111111. 267
1111111111,Β91. , 919199191111, L. 267
11111111, Β1111. 11 Gompholobium, 1111. 284
911111. gossypinus, 401111. 549
111111111111, Bge. 91111111, 9111. 416
flaccidas, 11. B. (1111111, Β1111. 275
1111111111,Βοὶ11. (1111αωί1111, flante. 507

flexus. Fisch. grammooalyx, 111111. 11
11111111, Boiu. 1110. 424

 

