111611.
Pu. 1³⁸8·

1111191161 611111111661, 81111. 540 11111119616111111111, 86111. 45
111111111161, 891. 499 1111111116111116. 515
6111161, 891. 501 6111116611, hcm. 944
11111961111, 81111. 597 dcccdccc. Stcv. 556
cretaceus, Boics. 11 Kc. 946 denudatus, Ky. 594
Cretensis, Pan. 554 depressus, L. 966

1111111166. 595 11191111618111. 996 ⁸ '³‘
61111111, 81. (1116. 559 61611911161,Ρ111. 495 ’

cccccccccc. Stcv. 541 611191611961, 86111. 476
6111116181111. ‚ 411 6119116661, 911. 1119. 419
cruciatus, 811111. 995 61696161618111. 104 . ,⁴
611111161111, 81111. 554 616966969161, 891. 459 ¹
69911111911,6.6. 498 11196161, wind. 45611

661611111181111. 415 81691961, 891. 515 1,
6661116661, 891. 508 1111111111,111111 5115 ¹
6611161161, 86111. · 491 (1196111611, 1111111. 559 “”
161111611111, 81111. 476 6196161111661,891. 975
01111116, 891. 466 6111116161, 891. 574
cuspidatus, Bge. 459 6111111111, 891. 410
191116116161, 66. 445 61111111, 1111111. · 597
191166161111, (11.8. 918 divaricatus, 891. 550
1191111161, 8111111 81161. 565 61116611691111, Pan. 456 a
cymboctegic, 891. 556 611161, 81111. 1181111111. 540 Α
Cyprius, 81111. 469 8116111111, 891. 958 -
cyrtcbccis, 891. 497 1116916161, 01911. 977
6911161611, 891. 484 Drusorum, 81111. 571
6111911611961, 81111. 500 1611111111, 81111. 401
8116611111, 81111. 965 6166111161, 891. 591
cccccccccc, 66. 599 Echidna, 891. 595
8161161111, 81111. 11 1111111611, 18611. 489

66111. 955 81611611, 81111. 419
86611111, 0. Koch 496 Echinus. 0, Α. Moy. 554
1116161111, Ρ111. 495 Echinus, n.c. 558 cf,
dcccmjthcc¹ Bge. 507 1116111, 891. 456 “
decipiam, Bgc. 448 8611161196, 891. 417 .·
declinatus, Willd. 995 clatus, 81111. 11861. 409
111111116111111, 81111. 8161611116, 81111. 445

1186611. 989 elegans, 891. 958
decumbens, 81111. 499 8161161661, 891. 471
616611161,811’11. 415 elongatus, Willd. 466
611111611611, 81111. 574 8196116161, 81111. 11
8111111111, Bgc. 969 8161111. 546
816111161661161.,81111. 477 1669111161, 116111. 946

816611661161, 81111. cccccccccc, 81111.
11 811611 468 1111611111. 959

 

